01000000000000100100000000000000000000000000000000000000000000000000000000000000000000000000000000000000000000000000000000000000
11000000000000100100000000000000000000000000000000000000000000000000000000000000000000000000000000000000000000000000000000000000
01000000000001011001000000000000000000000000000000000000000000000000000000000000000000000000000000000000000000000000000000000000
11000000000001011001000000000000000000000000000000000000000000000000000000000000000000000000000000000000000000000000000000000000
01000000000001011001000000000000000000000000000000000000000000000000000000000000000000000000000000000000000000000000000000000000
11000000000001011001000000000000000000000000000000000000000000000000000000000000000000000000000000000000000000000000000000000000
00000000000000000000000000000000000000000000000000000000000000000000000000000000000000000000000000000000000000000000000000000000
00000000000000000000000000000000000000000000000000000000000000000000000000000000000000000000000000000000000000000000000000000000
00111111111111001001100110011001100110011001100110011001100110011001100110011001100110011001100110011001100110011001100110011001
10111111111111001001100110011001100110011001100110011001100110011001100110011001100110011001100110011001100110011001100110011001
00111111111110001001100110011001100110011001100110011001100110011001100110011001100110011001100110011001100110011001100110011001
10111111111110001001100110011001100110011001100110011001100110011001100110011001100110011001100110011001100110011001100110011001
00111111111111000000000000000000000000000000000000000000000000000000000000000000000000000000000000000000000000000000000000000000
10111111111111000000000000000000000000000000000000000000000000000000000000000000000000000000000000000000000000000000000000000000
00111111111111010000000000000000000000000000000000000000000000000000000000000000000000000000000000000000000000000000000000000000
10111111111111010000000000000000000000000000000000000000000000000000000000000000000000000000000000000000000000000000000000000000
00111111111111100000000000000000000000000000000000000000000000000000000000000000000000000000000000000000000000000000000000000000
10111111111111100000000000000000000000000000000000000000000000000000000000000000000000000000000000000000000000000000000000000000
00111111111111101000000000000000000000000000000000000000000000000000000000000000000000000000000000000000000000000000000000000000
10111111111111101000000000000000000000000000000000000000000000000000000000000000000000000000000000000000000000000000000000000000
00111111111111100101100110011001100110011001100110011001100110011001100110011001100110011001100110011001100110011001100110011001
10111111111111100101100110011001100110011001100110011001100110011001100110011001100110011001100110011001100110011001100110011001
00111111111111110000000000000000000000000000000000000000000000000000000000000000000000000000000000000000000000000000000000000000
10111111111111110000000000000000000000000000000000000000000000000000000000000000000000000000000000000000000000000000000000000000
00111111111111110000000000000000000000000000000000000000000000000000000000000000000000000000000000000000000000000000000000000000
10111111111111110000000000000000000000000000000000000000000000000000000000000000000000000000000000000000000000000000000000000000
01000000000000000000000000000000000000000000000000000000000000000000000000000000000000000000000000000000000000000000000000000000
11000000000000000000000000000000000000000000000000000000000000000000000000000000000000000000000000000000000000000000000000000000
01000000000000000000000000000000000000000000000000000000000000000000000000000000000000000000000000000000000000000000000000000000
11000000000000000000000000000000000000000000000000000000000000000000000000000000000000000000000000000000000000000000000000000000
01000000000000100100100000000000000000000000000000000000000000000000000000000000000000000000000000000000000000000000000000000000
11000000000000100100100000000000000000000000000000000000000000000000000000000000000000000000000000000000000000000000000000000000
01000000000000101000000001100110011001100110011001100110011001100110011001100110011001100110011001100110011001100110011001100110
11000000000000101000000001100110011001100110011001100110011001100110011001100110011001100110011001100110011001100110011001100110
01000000000001010001000001000000000000000000000000000000000000000000000000000000000000000000000000000000000000000000000000000000
11000000000001010001000001000000000000000000000000000000000000000000000000000000000000000000000000000000000000000000000000000000
01000000000000110100000001000000000000000000000000000000000000000000000000000000000000000000000000000000000000000000000000000000
11000000000000110100000001000000000000000000000000000000000000000000000000000000000000000000000000000000000000000000000000000000
00111111111111110001111110011010110111010011011110100111010101101101111010011000100000110001011101101100110001100011011001100001
10111111111111110001111110011010110111010011011110100111010101101101111010011000100000110001011101101100110001100011011001100001
00111111111110111111100110101101101111101101110011001101100010101000011110111001111001010110110011101011011000001001011110110111
10111111111110111111100110101101101111101101110011001101100010101000011110111001111001010110110011101011011000001001011110110111
01000000010000011010110001010011101001111110011011000011011110110001111010111001110001111110011111110100100010011010011001100010
11000000010000011010110001010011101001111110011011000011011110110001111010111001110001111110011111110100100010011010011001100010
01000000000111010010011001011000000010110100110000000000000000000000000000000000000000000000000000000000000000000000000000000000
11000000000111010010011001011000000010110100110000000000000000000000000000000000000000000000000000000000000000000000000000000000
01000000001101110001011111011111000001010101000100110011010110011111111100000000000000000000000000000000000000000000000000000001
11000000001101110001011111011111000001010101000100110011010110011111111100000000000000000000000000000000000000000000000000000001
01000000010000111100110111010000010111101100101110001110110010111100111001110111110000000000000000000000000000000000000000000010
11000000010000111100110111010000010111101100101110001110110010111100111001110111110000000000000000000000000000000000000000000010
10.0
-10.0
100.0
-100.0
100.0
-100.0
0.0
0.0
0.2000000000000000000000000000008874540738990553768192967161085651214274682037352892649550994974561035633087158203125
-0.2000000000000000000000000000008874540738990553768192967161085651214274682037352892649550994974561035633087158203125
0.01250000000000000000000000000088746761559397684957138851595347392169767667476250327940334727827575989067554473876953125
-0.01250000000000000000000000000088746761559397684957138851595347392169767667476250327940334727827575989067554473876953125
0.125
-0.125
0.25
-0.25
0.5
-0.5
0.75
-0.75
0.6750000000000000000000000000000008088905766426390582835107358856694737860026922504630420007742941379547119140625
-0.6750000000000000000000000000000008088905766426390582835107358856694737860026922504630420007742941379547119140625
1.0
-1.0
1.0
-1.0
2.0
-2.0
2.0
-2.0
10.25
-10.25
12.01249999999999999999999999995961032165268419556291949745752134504073183052241802215576171875
-12.01249999999999999999999999995961032165268419556291949745752134504073183052241802215576171875
68.0625
-68.0625
20.015625
-20.015625
1.1234567891000000000000000000008873607907592819171255611000138241399441164924954961179537349380552768707275390625
-1.1234567891000000000000000000008873607907592819171255611000138241399441164924954961179537349380552768707275390625
0.12345671229999999999999999999999999272954112052590238877239889510184573848637634707614552098675630986690521240234375
-0.12345671229999999999999999999999999272954112052590238877239889510184573848637634707614552098675630986690521240234375
123456789123456334567.123532422818243503570556640625
-123456789123456334567.123532422818243503570556640625
1234567891.0
-1234567891.0
78776732432423423.0
-78776732432423423.0
532435230000123012988.0
-532435230000123012988.0
