10 2 10
10 2 -10
10 2 100
10 2 -100
10 2 100.0
10 2 -100.0
10 2 0
10 2 0.0
10 2 0.2
10 2 -0.2
10 2 0.0125
10 2 -0.0125
10 2 0.125
10 2 -0.125
10 2 0.25
10 2 -0.25
10 2 0.5
10 2 -0.5
10 2 0.75
10 2 -0.75
10 2 0.675
10 2 -0.675
10 2 1
10 2 -1
10 2 1.0
10 2 -1.0
10 2 2
10 2 -2
10 2 2.0
10 2 -2.0
10 2 10.25
10 2 -10.25
10 2 12.0125
10 2 -12.0125
10 2 68.0625
10 2 -68.0625
10 2 20.015625
10 2 -20.015625
10 2 1.1234567891
10 2 -1.1234567891
10 2 0.1234567123
10 2 -0.1234567123
10 2 123456789123456334567.12353242342354363241243534
10 2 -123456789123456334567.12353242342354363241243534
10 2 1234567891.0
10 2 -1234567891.0
10 2 78776732432423423.000000000000000012324322532
10 2 -78776732432423423.000000000000000012324322532
10 2 532435230000123012988.00000000000012312000002021040231023
10 2 -532435230000123012988.00000000000012312000002021040231023
2 10 01000000000000100100000000000000000000000000000000000000000000000000000000000000000000000000000000000000000000000000000000000000
2 10 11000000000000100100000000000000000000000000000000000000000000000000000000000000000000000000000000000000000000000000000000000000
2 10 01000000000001011001000000000000000000000000000000000000000000000000000000000000000000000000000000000000000000000000000000000000
2 10 11000000000001011001000000000000000000000000000000000000000000000000000000000000000000000000000000000000000000000000000000000000
2 10 01000000000001011001000000000000000000000000000000000000000000000000000000000000000000000000000000000000000000000000000000000000
2 10 11000000000001011001000000000000000000000000000000000000000000000000000000000000000000000000000000000000000000000000000000000000
2 10 00000000000000000000000000000000000000000000000000000000000000000000000000000000000000000000000000000000000000000000000000000000
2 10 00000000000000000000000000000000000000000000000000000000000000000000000000000000000000000000000000000000000000000000000000000000
2 10 00111111111111001001100110011001100110011001100110011001100110011001100110011001100110011001100110011001100110011001100110011001
2 10 10111111111111001001100110011001100110011001100110011001100110011001100110011001100110011001100110011001100110011001100110011001
2 10 00111111111110001001100110011001100110011001100110011001100110011001100110011001100110011001100110011001100110011001100110011001
2 10 10111111111110001001100110011001100110011001100110011001100110011001100110011001100110011001100110011001100110011001100110011001
2 10 00111111111111000000000000000000000000000000000000000000000000000000000000000000000000000000000000000000000000000000000000000000
2 10 10111111111111000000000000000000000000000000000000000000000000000000000000000000000000000000000000000000000000000000000000000000
2 10 00111111111111010000000000000000000000000000000000000000000000000000000000000000000000000000000000000000000000000000000000000000
2 10 10111111111111010000000000000000000000000000000000000000000000000000000000000000000000000000000000000000000000000000000000000000
2 10 00111111111111100000000000000000000000000000000000000000000000000000000000000000000000000000000000000000000000000000000000000000
2 10 10111111111111100000000000000000000000000000000000000000000000000000000000000000000000000000000000000000000000000000000000000000
2 10 00111111111111101000000000000000000000000000000000000000000000000000000000000000000000000000000000000000000000000000000000000000
2 10 10111111111111101000000000000000000000000000000000000000000000000000000000000000000000000000000000000000000000000000000000000000
2 10 00111111111111100101100110011001100110011001100110011001100110011001100110011001100110011001100110011001100110011001100110011001
2 10 10111111111111100101100110011001100110011001100110011001100110011001100110011001100110011001100110011001100110011001100110011001
2 10 00111111111111110000000000000000000000000000000000000000000000000000000000000000000000000000000000000000000000000000000000000000
2 10 10111111111111110000000000000000000000000000000000000000000000000000000000000000000000000000000000000000000000000000000000000000
2 10 00111111111111110000000000000000000000000000000000000000000000000000000000000000000000000000000000000000000000000000000000000000
2 10 10111111111111110000000000000000000000000000000000000000000000000000000000000000000000000000000000000000000000000000000000000000
2 10 01000000000000000000000000000000000000000000000000000000000000000000000000000000000000000000000000000000000000000000000000000000
2 10 11000000000000000000000000000000000000000000000000000000000000000000000000000000000000000000000000000000000000000000000000000000
2 10 01000000000000000000000000000000000000000000000000000000000000000000000000000000000000000000000000000000000000000000000000000000
2 10 11000000000000000000000000000000000000000000000000000000000000000000000000000000000000000000000000000000000000000000000000000000
2 10 01000000000000100100100000000000000000000000000000000000000000000000000000000000000000000000000000000000000000000000000000000000
2 10 11000000000000100100100000000000000000000000000000000000000000000000000000000000000000000000000000000000000000000000000000000000
2 10 01000000000000101000000001100110011001100110011001100110011001100110011001100110011001100110011001100110011001100110011001100110
2 10 11000000000000101000000001100110011001100110011001100110011001100110011001100110011001100110011001100110011001100110011001100110
2 10 01000000000001010001000001000000000000000000000000000000000000000000000000000000000000000000000000000000000000000000000000000000
2 10 11000000000001010001000001000000000000000000000000000000000000000000000000000000000000000000000000000000000000000000000000000000
2 10 01000000000000110100000001000000000000000000000000000000000000000000000000000000000000000000000000000000000000000000000000000000
2 10 11000000000000110100000001000000000000000000000000000000000000000000000000000000000000000000000000000000000000000000000000000000
2 10 00111111111111110001111110011010110111010011011110100111010101101101111010011000100000110001011101101100110001100011011001100001
2 10 10111111111111110001111110011010110111010011011110100111010101101101111010011000100000110001011101101100110001100011011001100001
2 10 00111111111110111111100110101101101111101101110011001101100010101000011110111001111001010110110011101011011000001001011110110111
2 10 10111111111110111111100110101101101111101101110011001101100010101000011110111001111001010110110011101011011000001001011110110111
2 10 01000000010000011010110001010011101001111110011011000011011110110001111010111001110001111110011111110100100010011010011001100010
2 10 11000000010000011010110001010011101001111110011011000011011110110001111010111001110001111110011111110100100010011010011001100010
2 10 01000000000111010010011001011000000010110100110000000000000000000000000000000000000000000000000000000000000000000000000000000000
2 10 11000000000111010010011001011000000010110100110000000000000000000000000000000000000000000000000000000000000000000000000000000000
2 10 01000000001101110001011111011111000001010101000100110011010110011111111100000000000000000000000000000000000000000000000000000001
2 10 11000000001101110001011111011111000001010101000100110011010110011111111100000000000000000000000000000000000000000000000000000001
2 10 01000000010000111100110111010000010111101100101110001110110010111100111001110111110000000000000000000000000000000000000000000010
2 10 11000000010000111100110111010000010111101100101110001110110010111100111001110111110000000000000000000000000000000000000000000010